4
4
5
6
7
8
8
8
8
9
10
12
14
15
16
16
17
18
21
24
27
30
31
33
34
38
42
48
54
58
63
65
71
76
86
96
106
117
123
134
141
157
172
192
213
229
251
264
291
313
349
385
421
464
493
542
577
640
698
770
849
914
1006
1070
1182
1275
1410
1547
1684
1855
1984
2188
2345
2592
2822
3094
3402
3668
4043
4329
4780
5167
5686
6224
6762
7445
7997
8823
9496
10466
11391
12448
13669
14759
16268
17493
19289
20887
22914
25060
27207
29937
32252
35557
38380
42203
45947
50121
54997
59459
65494
70632
77760
84327
92324
100944
109580
120491
130091
143254
154959
170084
185271
201904
221435
239671
263745
285050
313338
340230
371988
406706
441575
485180
524721
577083
625280
685326
746936
813563
891886
966296
1062263
1150001
1262409
1372216
1498889
1638822
1779859
1954149
2116297
2324672
2522217
2761298
3011038
3278748
3592971
3896156
4278821
4638514
5085970
5533255
6040046
6604009
7174904
7871792
8534670
9364791
10171769
11126016
12137264
13214950
14475801
15709574
17236583
18706439
20490807
22309033
24340966
26613065
